"","sites","alou1","alou2","alou3","alou4","type","trans","isl_area","prox","ha_1000","ha_2000","ha_3000","ha_4000","ha_5000","ha_6000","mr1000.25","mr1000.50","mr1000.75","mr2000.25","mr2000.50","mr2000.75","mr3000.25","mr3000.50","mr3000.75","mr4000.25","mr4000.50","mr4000.75","mr5000.25","mr5000.50","mr5000.75","mr6000.25","mr6000.50","mr6000.75"
"1","barroso",1,1,2,0,1,8.15,3383.55,474.25,284.58,1089.72,2022.48,3115.8,4261.86,5514.21,17.39,19.73,22.37,36.32,40.29,45.59,22.33,25,28.27,19.47,22.03,24.97,19.18,21.77,24.81,17.79,20.45,23.43
"2","canaria",0,0,0,0,1,1.54,87.75,802.67,63,163.71,424.62,1171.89,2474.01,4568.85,5.05,6.86,7.95,15.41,18.01,20.42,29.01,32.13,36.27,32.43,35.68,40.32,31.01,34.32,38.87,30.18,33.54,37.98
"3","cauacu",4,0,5,0,1,11.57,3375.18,108.67,259.47,784.08,1590.03,2796.66,4440.24,6467.94,1.72,3.2,3.65,3.72,5.59,6.32,4.28,6.44,7.28,17.8,20.43,23.01,18.45,20.84,23.47,22.44,25.12,28.28
"4","ceu",1,1,1,3,1,2.73,1156.23,162.33,219.15,891,1939.23,3142.71,4400.01,6042.06,18.39,21.22,24.04,39.18,42.47,47.85,68.17,74.34,84.2,49.71,53.91,61.02,46.65,50.99,58.14,43.92,48.13,54.83
"5","colombia",3,1,1,0,1,3.37,668.25,305.25,228.33,504.18,943.83,2105.55,4012.83,6366.96,1.27,2.26,2.54,18.91,20.83,23.41,44.37,48.37,54.93,66.35,74.38,85.77,62.67,72.85,83.98,53.66,61.54,70.73
"6","envira",6,2,4,3,1,4.29,2109.87,2066,233.1,876.42,1956.15,3104.73,4028.85,4983.3,4.01,4.9,5.5,7.56,8.48,9.54,8.49,9.5,10.78,6.98,8.18,9.3,12.52,14.73,17.83,33.14,36.83,43.15
"7","ice",0,0,0,0,1,2.3,557.55,1719.33,94.95,305.73,555.3,1170.45,2412,4224.96,11.08,12.52,14.29,9.8,11.2,12.7,22.23,24.56,27.83,32.86,36.35,41.83,34.88,39.06,45.76,40.96,45.39,52.82
"8","jacare",2,1,0,0,1,1.3,207.54,890.5,168.75,394.11,1283.04,2744.55,4612.59,6546.51,3.96,4.73,5.49,4.25,5.29,6.1,8.99,10.22,11.6,20.5,22.45,25.36,43.27,47.5,53.52,35.54,38.97,44.12
"9","juruama",0,0,0,0,1,5.98,1607.76,148,250.56,873.81,1866.69,2978.46,4454.19,6194.7,1.74,2.97,3.56,3.05,4.32,5.05,3.19,4.61,5.35,8.77,10.51,11.97,19.02,21.73,24.59,23.52,26.87,30.57
"10","machado",0,0,0,0,1,1.18,178.96,882.5,129.51,559.17,1090.62,1822.41,2989.62,4772.79,2.41,3.65,4.04,3.73,4.67,5.31,12.65,15.26,17.31,14.96,18.98,21.52,16.44,20.35,23,19.07,23.08,26.06
"11","marimari",3,4,2,1,1,4.84,1596.06,157.33,246.24,999.81,2219.85,3866.58,5813.91,8042.4,2.2,3.1,3.7,18.65,20.61,23.33,32.93,35.97,40.65,31.35,34.31,38.76,30.21,33.08,37.39,26.95,29.6,33.47
"12","micosa",0,0,0,0,1,1.68,113.94,419.33,104.22,417.24,1007.64,2207.25,4315.05,6926.76,18.94,20.53,23.18,28.24,32.95,37.85,42.45,46.35,52.49,32.61,35.72,40.45,29.94,32.76,37.09,27.62,30.21,34.2
"13","missao",0,0,1,0,1,1.2,122.58,168.33,80.46,238.68,772.56,1724.49,2991.33,4742.19,12.37,14.65,18.76,45.09,49.29,56.79,32.91,35.63,40.64,30.67,33.15,37.69,28.84,31.15,35.37,27.28,29.48,33.43
"14","pirapitinga",0,1,2,2,1,1.73,412.29,426.5,194.76,448.74,1014.03,2479.34,4631.31,7511.31,19.31,20.65,23.23,32.67,34.9,39.25,30.61,32.75,36.84,28.05,30.09,33.85,26.25,28.2,31.73,24.77,26.65,29.98
"15","preguica",1,0,0,0,1,1.46,193.97,520,110.34,474.57,1374.93,2541.69,4311.72,6796.26,9.91,10.82,12.2,26.58,28.48,32.06,21.22,22.88,25.77,18.36,19.84,22.34,15.94,17.28,19.47,14.29,15.56,17.54
"16","batalha",2,0,0,0,2,4.35,NA,NA,284.58,1089.72,2219.85,3866.58,5813.91,8042.4,1.27,2.26,2.54,3.05,4.32,5.05,3.19,4.61,5.35,6.98,8.18,9.3,12.52,14.73,17.83,14.29,15.56,17.54
"17","betania",0,0,0,0,2,1.48,NA,NA,284.58,1089.72,2219.85,3866.58,5813.91,8042.4,1.27,2.26,2.54,3.05,4.32,5.05,3.19,4.61,5.35,6.98,8.18,9.3,12.52,14.73,17.83,14.29,15.56,17.54
"18","horizonte",4,2,0,0,2,2.95,NA,NA,284.58,1089.72,2219.85,3866.58,5813.91,8042.4,1.27,2.26,2.54,3.05,4.32,5.05,3.19,4.61,5.35,6.98,8.18,9.3,12.52,14.73,17.83,14.29,15.56,17.54
"19","inga",5,1,8,0,2,11,NA,NA,284.58,1089.72,2219.85,3866.58,5813.91,8042.4,1.27,2.26,2.54,3.05,4.32,5.05,3.19,4.61,5.35,6.98,8.18,9.3,12.52,14.73,17.83,14.29,15.56,17.54
"20","jaraua",3,0,2,1,2,6,NA,NA,284.58,1089.72,2219.85,3866.58,5813.91,8042.4,1.27,2.26,2.54,3.05,4.32,5.05,3.19,4.61,5.35,6.98,8.18,9.3,12.52,14.73,17.83,14.29,15.56,17.54
"21","mamiraua",6,6,10,4,2,12,NA,NA,284.58,1089.72,2219.85,3866.58,5813.91,8042.4,1.27,2.26,2.54,3.05,4.32,5.05,3.19,4.61,5.35,6.98,8.18,9.3,12.52,14.73,17.83,14.29,15.56,17.54
"22","mapixari",4,1,0,0,2,1.96,NA,NA,284.58,1089.72,2219.85,3866.58,5813.91,8042.4,1.27,2.26,2.54,3.05,4.32,5.05,3.19,4.61,5.35,6.98,8.18,9.3,12.52,14.73,17.83,14.29,15.56,17.54
"23","tefe",0,0,0,0,2,1.2,NA,NA,284.58,1089.72,2219.85,3866.58,5813.91,8042.4,1.27,2.26,2.54,3.05,4.32,5.05,3.19,4.61,5.35,6.98,8.18,9.3,12.52,14.73,17.83,14.29,15.56,17.54
"24","tijuaca",1,1,0,0,2,1.28,NA,NA,284.58,1089.72,2219.85,3866.58,5813.91,8042.4,1.27,2.26,2.54,3.05,4.32,5.05,3.19,4.61,5.35,6.98,8.18,9.3,12.52,14.73,17.83,14.29,15.56,17.54
